$LOADING
  $COMBINE TYPE = TABLE
    !      8       8       8       8       8       8       8       8       8       8       8       8       8       8
    !                      1       2       3       4       5       6       7       8       9      10      11      12
    !                  stálé    vítr    vítr    vítr    vítr    vítr    vítr    sníh    sníh    sníh teplota teplota
    !    cID    type       G      W1      W2      W3      W4      W5      W6      S1      S2      S3      T1      T2
         101     ULS    1.35
         102     ULS    1.35     1.5
         103     ULS    1.35             1.5
         104     ULS    1.35                     1.5
         105     ULS    1.35                             1.5
         106     ULS    1.35                                     1.5
         107     ULS    1.35                                             1.5
         108     ULS    1.35                                                     1.5
         109     ULS    1.35                                                             1.5
         110     ULS    1.35                                                                     1.5
         111     ULS    1.35                                                                             1.5
         112     ULS    1.35                                                                                     1.5
         113     ULS    1.35     1.5                                             0.9
         114     ULS    1.35             1.5                                     0.9
         115     ULS    1.35                     1.5                             0.9
         116     ULS    1.35                             1.5                     0.9
         117     ULS    1.35                                     1.5             0.9
         118     ULS    1.35                                             1.5     0.9
         119     ULS    1.35     1.5                                                     0.9
         120     ULS    1.35             1.5                                             0.9
         121     ULS    1.35                     1.5                                     0.9
         122     ULS    1.35                             1.5                             0.9
         123     ULS    1.35                                     1.5                     0.9
         124     ULS    1.35                                             1.5             0.9
         125     ULS    1.35     1.5                                                             0.9
         126     ULS    1.35             1.5                                                     0.9
         127     ULS    1.35                     1.5                                             0.9
         128     ULS    1.35                             1.5                                     0.9
         129     ULS    1.35                                     1.5                             0.9
         130     ULS    1.35                                             1.5                     0.9
         131     ULS    1.35    1.05                                             1.5
         132     ULS    1.35            1.05                                     1.5
         133     ULS    1.35                    1.05                             1.5
         134     ULS    1.35                            1.05                     1.5
         135     ULS    1.35                                    1.05             1.5
         136     ULS    1.35                                            1.05     1.5
         137     ULS    1.35    1.05                                                     1.5
         138     ULS    1.35            1.05                                             1.5
         139     ULS    1.35                    1.05                                     1.5
         140     ULS    1.35                            1.05                             1.5
         141     ULS    1.35                                    1.05                     1.5
         142     ULS    1.35                                            1.05             1.5
         143     ULS    1.35    1.05                                                             1.5
         144     ULS    1.35            1.05                                                     1.5
         145     ULS    1.35                    1.05                                             1.5
         146     ULS    1.35                            1.05                                     1.5
         147     ULS    1.35                                    1.05                             1.5
         148     ULS    1.35                                            1.05                     1.5
         149     ULS    1.35     1.5                                                                     0.9
         150     ULS    1.35             1.5                                                             0.9
         151     ULS    1.35                     1.5                                                     0.9
         152     ULS    1.35                             1.5                                             0.9
         153     ULS    1.35                                     1.5                                     0.9
         154     ULS    1.35                                             1.5                             0.9
         155     ULS    1.35     1.5                                             0.9                             0.9
         156     ULS    1.35             1.5                                     0.9                             0.9
         157     ULS    1.35                     1.5                             0.9                             0.9
         158     ULS    1.35                             1.5                     0.9                             0.9
         159     ULS    1.35                                     1.5             0.9                             0.9
         160     ULS    1.35                                             1.5     0.9                             0.9
         161     ULS    1.35     1.5                                                     0.9                     0.9
         162     ULS    1.35             1.5                                             0.9                     0.9
         163     ULS    1.35                     1.5                                     0.9                     0.9
         164     ULS    1.35                             1.5                             0.9                     0.9
         165     ULS    1.35                                     1.5                     0.9                     0.9
         166     ULS    1.35                                             1.5             0.9                     0.9
         167     ULS    1.35     1.5                                                             0.9             0.9
         168     ULS    1.35             1.5                                                     0.9             0.9
         169     ULS    1.35                     1.5                                             0.9             0.9
         170     ULS    1.35                             1.5                                     0.9             0.9
         171     ULS    1.35                                     1.5                             0.9             0.9
         172     ULS    1.35                                             1.5                     0.9             0.9
         173     ULS    1.35    1.05                                             1.5                             0.9
         174     ULS    1.35            1.05                                     1.5                             0.9
         175     ULS    1.35                    1.05                             1.5                             0.9
         176     ULS    1.35                            1.05                     1.5                             0.9
         177     ULS    1.35                                    1.05             1.5                             0.9
         178     ULS    1.35                                            1.05     1.5                             0.9
         179     ULS    1.35    1.05                                                     1.5                     0.9
         180     ULS    1.35            1.05                                             1.5                     0.9
         181     ULS    1.35                    1.05                                     1.5                     0.9
         182     ULS    1.35                            1.05                             1.5                     0.9
         183     ULS    1.35                                    1.05                     1.5                     0.9
         184     ULS    1.35                                            1.05             1.5                     0.9
         185     ULS    1.35    1.05                                                             1.5             0.9
         186     ULS    1.35            1.05                                                     1.5             0.9
         187     ULS    1.35                    1.05                                             1.5             0.9
         188     ULS    1.35                            1.05                                     1.5             0.9
         189     ULS    1.35                                    1.05                             1.5             0.9
         190     ULS    1.35                                            1.05                     1.5             0.9
$END LOADING
