    ! ID     ndA     ndB  PropID Rel. Ax Rel. Az Rel. Af Rel. Bx Rel. Bz Rel. Bf                                                                                                                           Pozn.
       1       1      22       7       0       0       0       0       0       0                                                                                                                                
       2       2       3       3       0       0       0       0       0       0                                                                                                                                
       3       3       4       3       0       0       0       0       0       0                                                                                                                                
       4       4       5       1       0       0       0       0       0       1                                                                                                                                
       5       5       6       2       0       0       0       0       0       0                                                                                                                                
       6       6       7       4       0       0       0       0       0       0                                                                                                                                
       7       7       8       4       0       0       0       0       0       0                                                                                                                                
       8       8       9       2       0       0       0       0       0       0                                                                                                                                
       9       9      10       2       0       0       0       0       0       0                                                                                                                                
      10      10      11       2       0       0       0       0       0       1                                                                                                                                
      11      11      12       2       0       0       0       0       0       0                                                                                                                                
      12      12      13       2       0       0       0       0       0       0                                                                                                                                
      13      13      14       2       0       0       0       0       0       0                                                                                                                                
      14      14      15       4       0       0       0       0       0       0                                                                                                                                
      15      15      16       4       0       0       0       0       0       0                                                                                                                                
      16      16      17       2       0       0       0       0       0       0                                                                                                                                
      17      17      18       1       0       0       1       0       0       0                                                                                                                                
      18      18      19       3       0       0       0       0       0       0                                                                                                                                
      19      19      20       3       0       0       0       0       0       0                                                                                                                                
      20      23      21       7       0       0       0       0       0       0                                                                                                                                
      21       3       7       5       0       0       1       0       0       1                                                                                                                                
      22      10      12       6       0       0       1       0       0       1                                                                                                                                
      23      15      19       5       0       0       1       0       0       1                                                                                                                                
      24      22       2       1       0       0       0       0       0       0                                                                                                                                
      25      20      23       1       0       0       0       0       0       0                                                                                                                                
      26      27      26       8       0       0       0       0       0       0                                                                                                                                
      27      26      25       9       0       0       0       0       0       0                                                                                                                                
      28      25      24       9       0       0       0       0       0       0                                                                                                                                
      29      24      32       8       0       0       0       0       0       0                                                                                                                                
      30      32       5       8       0       0       0       0       0       0                                                                                                                                
      31      17      33       8       0       0       0       0       0       0                                                                                                                                
      32      33      28       8       0       0       0       0       0       0                                                                                                                                
      33      28      29       9       0       0       0       0       0       0                                                                                                                                
      34      29      30       9       0       0       0       0       0       0                                                                                                                                
      35      30      31       8       0       0       0       0       0       0                                                                                                                                
      36      25       3      10       0       0       1       0       0       1                                                                                                                                
      37      19      29      10       0       0       1       0       0       1                                                                                                                                
                                                                                                                                                                                                                
