    ! ID               X               Z                                                                                                                           Pozn.
       1           -5000               0                                                                                                                                
       2           -5000            2750                                                                                                                                
       3           -5000            3250                                                                                                                                
       4           -5000            3750                                                                                                                                
       5           -5000            4500                                                                                                                                
       6-4.197213595E+03 4.901393202E+03                                                                                                                                
       7           -3750            5125                                                                                                                                
       8-3.302786405E+03 5.348606798E+03                                                                                                                                
       9           -2500            5750                                                                                                                                
      10           -1250            6375                                                                                                                                
      11               0            7000                                                                                                                                
      12            1250            6375                                                                                                                                
      13            2500            5750                                                                                                                                
      14 3.302786405E+03 5.348606798E+03                                                                                                                                
      15            3750            5125                                                                                                                                
      16 4.197213595E+03 4.901393202E+03                                                                                                                                
      17            5000            4500                                                                                                                                
      18            5000            3750                                                                                                                                
      19            5000            3250                                                                                                                                
      20            5000            2750                                                                                                                                
      21            5000               0                                                                                                                                
      22           -5000            1000                                                                                                                                
      23            5000            1000                                                                                                                                
      24-7.052786405E+03 3.473606798E+03                                                                                                                                
      25           -7500            3250                                                                                                                                
      26-7.947213595E+03 3.026393202E+03                                                                                                                                
      27           -8500            2750                                                                                                                                
      28 7.052786405E+03 3.473606798E+03                                                                                                                                
      29            7500            3250                                                                                                                                
      30 7.947213595E+03 3.026393202E+03                                                                                                                                
      31            8500            2750                                                                                                                                
      32           -6250            3875                                                                                                                                
      33            6250            3875                                                                                                                                
                                                                                                                                                                        
